{"J_map": [[0.02857142857142857, 0.4857142857142857, 0.4857142857142857], [0.03225806451612903, 0.41935483870967744, 0.5483870967741935], [0.03225806451612903, 0.5483870967741935, 0.41935483870967744], [0.03703703703703703, 0.48148148148148145, 0.48148148148148145], [0.037037037037037035, 0.3333333333333333, 0.6296296296296297], [0.037037037037037035, 0.6296296296296297, 0.3333333333333333], [0.043478260869565216, 0.21739130434782605, 0.7391304347826086], [0.043478260869565216, 0.3913043478260869, 0.5652173913043479], [0.043478260869565216, 0.5652173913043479, 0.3913043478260869], [0.043478260869565216, 0.7391304347826086, 0.21739130434782605], [0.05263157894736841, 0.26315789473684204, 0.6842105263157895], [0.05263157894736841, 0.6842105263157895, 0.26315789473684204], [0.05263157894736841, 0.894736842105263, 0.05263157894736841], [0.05263157894736842, 0.05263157894736842, 0.8947368421052632], [0.052631578947368425, 0.4736842105263158, 0.4736842105263158], [0.06666666666666665, 0.8666666666666666, 0.06666666666666665], [0.06666666666666667, 0.06666666666666667, 0.8666666666666667], [0.06666666666666667, 0.3333333333333333, 0.6], [0.06666666666666667, 0.6, 0.3333333333333333], [0.09090909090909091, 0.09090909090909091, 0.8181818181818181], [0.09090909090909091, 0.45454545454545453, 0.45454545454545453], [0.09090909090909091, 0.8181818181818181, 0.09090909090909091], [0.1282051282051282, 0.4358974358974359, 0.4358974358974359], [0.14285714285714285, 0.37142857142857144, 0.4857142857142857], [0.14285714285714285, 0.4857142857142857, 0.37142857142857144], [0.14285714285714288, 0.14285714285714288, 0.7142857142857143], [0.14285714285714288, 0.7142857142857143, 0.14285714285714288], [0.16129032258064513, 0.41935483870967744, 0.41935483870967744], [0.16129032258064516, 0.2903225806451613, 0.5483870967741936], [0.16129032258064516, 0.5483870967741936, 0.2903225806451613], [0.18518518518518517, 0.18518518518518517, 0.6296296296296297], [0.18518518518518517, 0.3333333333333333, 0.48148148148148157], [0.18518518518518517, 0.48148148148148157, 0.3333333333333333], [0.18518518518518517, 0.6296296296296297, 0.18518518518518517], [0.20930232558139533, 0.3953488372093023, 0.3953488372093023], [0.21739130434782605, 0.043478260869565216, 0.7391304347826086], [0.21739130434782605, 0.21739130434782605, 0.5652173913043479], [0.21739130434782605, 0.5652173913043479, 0.21739130434782605], [0.21739130434782605, 0.7391304347826086, 0.043478260869565216], [0.2173913043478261, 0.391304347826087, 0.391304347826087], [0.23076923076923075, 0.33333333333333337, 0.4358974358974359], [0.23076923076923075, 0.4358974358974359, 0.33333333333333337], [0.2571428571428571, 0.37142857142857144, 0.37142857142857144], [0.2571428571428572, 0.2571428571428572, 0.48571428571428577], [0.2571428571428572, 0.48571428571428577, 0.2571428571428572], [0.26315789473684204, 0.05263157894736841, 0.6842105263157895], [0.26315789473684204, 0.6842105263157895, 0.05263157894736841], [0.2631578947368421, 0.2631578947368421, 0.4736842105263158], [0.2631578947368421, 0.4736842105263158, 0.2631578947368421], [0.2765957446808511, 0.36170212765957444, 0.36170212765957444], [0.29032258064516125, 0.29032258064516125, 0.41935483870967744], [0.2903225806451613, 0.16129032258064516, 0.5483870967741936], [0.2903225806451613, 0.4193548387096775, 0.2903225806451613], [0.2903225806451613, 0.5483870967741936, 0.16129032258064516], [0.3023255813953489, 0.3023255813953489, 0.3953488372093023], [0.3023255813953489, 0.3953488372093023, 0.3023255813953489], [0.3333333333333333, 0.037037037037037035, 0.6296296296296297], [0.3333333333333333, 0.06666666666666667, 0.6], [0.3333333333333333, 0.18518518518518517, 0.48148148148148157], [0.3333333333333333, 0.3333333333333333, 0.3333333333333333], [0.3333333333333333, 0.48148148148148157, 0.18518518518518517], [0.3333333333333333, 0.6, 0.06666666666666667], [0.3333333333333333, 0.6296296296296297, 0.037037037037037035], [0.33333333333333337, 0.23076923076923075, 0.4358974358974359], [0.33333333333333337, 0.4358974358974359, 0.23076923076923075], [0.36170212765957444, 0.2765957446808511, 0.36170212765957444], [0.36170212765957444, 0.36170212765957444, 0.2765957446808511], [0.37142857142857144, 0.14285714285714285, 0.4857142857142857], [0.37142857142857144, 0.2571428571428571, 0.37142857142857144], [0.37142857142857144, 0.37142857142857144, 0.2571428571428571], [0.37142857142857144, 0.4857142857142857, 0.14285714285714285], [0.3913043478260869, 0.043478260869565216, 0.5652173913043479], [0.3913043478260869, 0.5652173913043479, 0.043478260869565216], [0.391304347826087, 0.2173913043478261, 0.391304347826087], [0.391304347826087, 0.391304347826087, 0.2173913043478261], [0.3953488372093023, 0.20930232558139533, 0.3953488372093023], [0.3953488372093023, 0.3023255813953489, 0.3023255813953489], [0.3953488372093023, 0.3953488372093023, 0.20930232558139533], [0.41935483870967744, 0.03225806451612903, 0.5483870967741935], [0.41935483870967744, 0.16129032258064513, 0.41935483870967744], [0.41935483870967744, 0.41935483870967744, 0.16129032258064513], [0.41935483870967744, 0.5483870967741935, 0.03225806451612903], [0.4193548387096775, 0.2903225806451613, 0.2903225806451613], [0.4358974358974359, 0.1282051282051282, 0.4358974358974359], [0.4358974358974359, 0.23076923076923075, 0.33333333333333337], [0.4358974358974359, 0.33333333333333337, 0.23076923076923075], [0.4358974358974359, 0.4358974358974359, 0.1282051282051282], [0.45454545454545453, 0.09090909090909091, 0.45454545454545453], [0.45454545454545453, 0.45454545454545453, 0.09090909090909091], [0.47368421052631576, 0.47368421052631576, 0.05263157894736842], [0.4736842105263158, 0.052631578947368425, 0.4736842105263158], [0.4736842105263158, 0.2631578947368421, 0.2631578947368421], [0.48148148148148145, 0.03703703703703703, 0.48148148148148145], [0.48148148148148145, 0.48148148148148145, 0.03703703703703703], [0.48148148148148157, 0.18518518518518517, 0.3333333333333333], [0.48148148148148157, 0.3333333333333333, 0.18518518518518517], [0.4857142857142857, 0.02857142857142857, 0.4857142857142857], [0.4857142857142857, 0.14285714285714285, 0.37142857142857144], [0.4857142857142857, 0.37142857142857144, 0.14285714285714285], [0.4857142857142857, 0.4857142857142857, 0.02857142857142857], [0.48571428571428577, 0.2571428571428572, 0.2571428571428572], [0.5483870967741935, 0.03225806451612903, 0.41935483870967744], [0.5483870967741935, 0.41935483870967744, 0.03225806451612903], [0.5483870967741936, 0.16129032258064516, 0.2903225806451613], [0.5483870967741936, 0.2903225806451613, 0.16129032258064516], [0.5652173913043479, 0.043478260869565216, 0.3913043478260869], [0.5652173913043479, 0.21739130434782605, 0.21739130434782605], [0.5652173913043479, 0.3913043478260869, 0.043478260869565216], [0.6, 0.06666666666666667, 0.3333333333333333], [0.6, 0.3333333333333333, 0.06666666666666667], [0.6296296296296297, 0.037037037037037035, 0.3333333333333333], [0.6296296296296297, 0.18518518518518517, 0.18518518518518517], [0.6296296296296297, 0.3333333333333333, 0.037037037037037035], [0.6842105263157895, 0.05263157894736841, 0.26315789473684204], [0.6842105263157895, 0.26315789473684204, 0.05263157894736841], [0.7142857142857143, 0.14285714285714288, 0.14285714285714288], [0.7391304347826086, 0.043478260869565216, 0.21739130434782605], [0.7391304347826086, 0.21739130434782605, 0.043478260869565216], [0.8181818181818181, 0.09090909090909091, 0.09090909090909091], [0.8666666666666666, 0.06666666666666665, 0.06666666666666665], [0.894736842105263, 0.05263157894736841, 0.05263157894736841]], "energy_gaps": [7.72715225139109e-14, 8.588685318500211e-13, 1.9761969838327786e-12, 1.5987211554602254e-14, 5.4725013130862976e-05, 5.472501241676753e-05, 4.8175039555786725e-05, 1.580957587066223e-13, 3.836930773104541e-13, 4.817503989684724e-05, 7.140074759082182e-05, 7.140074763256621e-05, 4.399152082612545e-06, 4.3991526208486675e-06, 1.4210854715202004e-14, 1.1432429752211704e-05, 1.1432429582569625e-05, 1.1155520951433573e-12, 3.6859404417555197e-13, 3.800827142086405e-05, 1.9539925233402755e-14, 3.8008271163292306e-05, 2.7533531010703882e-14, 3.108624468950438e-14, 2.1316282072803006e-14, 8.756285513200623e-05, 8.756285511424267e-05, 5.861977570020827e-14, 7.105427357601002e-15, 4.1744385725905886e-14, 6.661338147750939e-14, 9.947598300641403e-14, 2.842170943040401e-14, 5.1514348342607263e-14, 3.907985046680551e-14, 4.817503995369066e-05, 1.2967404927621828e-13, 2.930988785010413e-14, 4.8175039590425683e-05, 1.4210854715202004e-14, 5.329070518200751e-15, 5.329070518200751e-15, 4.440892098500626e-15, 1.7763568394002505e-14, 3.552713678800501e-15, 7.140074764855342e-05, 7.14007477728984e-05, 9.769962616701378e-15, 5.417888360170764e-14, 1.1546319456101628e-14, 4.707345624410664e-14, 1.4210854715202004e-14, 1.687538997430238e-14, 7.815970093361102e-14, 1.2434497875801753e-14, 2.930988785010413e-14, 5.472501165471044e-05, 7.913669719528116e-13, 1.7763568394002505e-14, 3.019806626980426e-14, 3.375077994860476e-14, 2.113864638886298e-13, 5.472501371173166e-05, 3.8191672047105385e-14, 1.687538997430238e-14, 3.552713678800501e-14, 2.5757174171303632e-14, 5.329070518200751e-15, 8.881784197001252e-16, 0.0, 1.7763568394002505e-15, 2.7355895326763857e-13, 1.7763568394002505e-15, 3.552713678800501e-15, 6.217248937900877e-15, 1.865174681370263e-14, 1.9539925233402755e-14, 9.769962616701378e-15, 2.2470914018413168e-13, 2.7533531010703882e-14, 3.730349362740526e-14, 1.9628743075372768e-13, 2.930988785010413e-14, 1.7763568394002505e-15, 3.4638958368304884e-14, 8.881784197001252e-15, 3.552713678800501e-15, 3.6415315207705135e-14, 2.930988785010413e-14, 5.329070518200751e-15, 2.1316282072803006e-14, 2.3092638912203256e-14, 2.6645352591003757e-15, 1.7763568394002505e-14, 1.2434497875801753e-14, 4.440892098500626e-15, 9.059419880941277e-14, 1.687538997430238e-14, 2.398081733190338e-14, 5.240252676230739e-14, 1.5987211554602254e-14, 1.7550405573274475e-12, 1.0889067425523535e-12, 7.105427357601002e-15, 3.019806626980426e-14, 3.2507330161024584e-13, 1.865174681370263e-14, 5.417888360170764e-14, 2.0961010704922955e-13, 6.368239269249898e-13, 5.472501277470343e-05, 3.8191672047105385e-14, 5.472501298697807e-05, 7.140074783595907e-05, 7.140074774181215e-05, 8.756285520306051e-05, 4.8175040381792655e-05, 4.817504021570329e-05, 3.800827127431461e-05, 1.1432429503521746e-05, 4.399152031098197e-06]}